function [path w h] = IconIIR_Mask()
%

%   Copyright 2018-2019 Bose Corporation
  path(1).x=[52 52 60 52 ];
  path(1).y=[20 28 24 20 ];
  path(1).rgb = [-1.000000 -1.000000 -1.000000];
  path(1).stroke = [0.000000 0.000000 0.000000];
  path(2).x=[36 36 28 36 ];
  path(2).y=[28 20 24 28 ];
  path(2).rgb = [-1.000000 -1.000000 -1.000000];
  path(2).stroke = [0.000000 0.000000 0.000000];
  path(3).x=[40 40 48 48 40 ];
  path(3).y=[38 30 30 38 38 ];
  path(3).rgb = [-1.000000 -1.000000 -1.000000];
  path(3).stroke = [0.000000 0.000000 0.000000];
  path(4).x=[12 14 12 ];
  path(4).y=[42 44 46 ];
  path(4).rgb = [-1.000000 -1.000000 -1.000000];
  path(4).stroke = [0.000000 0.000000 0.000000];
  path(5).x=[50 52 50 ];
  path(5).y=[42 44 46 ];
  path(5).rgb = [-1.000000 -1.000000 -1.000000];
  path(5).stroke = [0.000000 0.000000 0.000000];
  path(6).x=[20 18 16 ];
  path(6).y=[38 40 38 ];
  path(6).rgb = [-1.000000 -1.000000 -1.000000];
  path(6).stroke = [0.000000 0.000000 0.000000];
  path(7).x=[20 18 16 ];
  path(7).y=[18 20 18 ];
  path(7).rgb = [-1.000000 -1.000000 -1.000000];
  path(7).stroke = [0.000000 0.000000 0.000000];
  path(8).x=[72 70 68 ];
  path(8).y=[18 20 18 ];
  path(8).rgb = [-1.000000 -1.000000 -1.000000];
  path(8).stroke = [0.000000 0.000000 0.000000];
  path(9).x=[42 44 46 ];
  path(9).y=[40 38 40 ];
  path(9).rgb = [-1.000000 -1.000000 -1.000000];
  path(9).stroke = [0.000000 0.000000 0.000000];
  path(10).x=[42 44 46 ];
  path(10).y=[20 18 20 ];
  path(10).rgb = [-1.000000 -1.000000 -1.000000];
  path(10).stroke = [0.000000 0.000000 0.000000];
  path(11).x=[0 14 ];
  path(11).y=[44 44 ];
  path(11).rgb = [-1.000000 -1.000000 -1.000000];
  path(11).stroke = [0.000000 0.000000 0.000000];
  path(12).x=[18 18 ];
  path(12).y=[28 40 ];
  path(12).rgb = [-1.000000 -1.000000 -1.000000];
  path(12).stroke = [0.000000 0.000000 0.000000];
  path(13).x=[60 70 70 ];
  path(13).y=[4 4 20 ];
  path(13).rgb = [-1.000000 -1.000000 -1.000000];
  path(13).stroke = [0.000000 0.000000 0.000000];
  path(14).x=[22 52 ];
  path(14).y=[44 44 ];
  path(14).rgb = [-1.000000 -1.000000 -1.000000];
  path(14).stroke = [0.000000 0.000000 0.000000];
  path(15).x=[44 44 ];
  path(15).y=[44 38 ];
  path(15).rgb = [-1.000000 -1.000000 -1.000000];
  path(15).stroke = [0.000000 0.000000 0.000000];
  path(16).x=[44 44 ];
  path(16).y=[30 18 ];
  path(16).rgb = [-1.000000 -1.000000 -1.000000];
  path(16).stroke = [0.000000 0.000000 0.000000];
  path(17).x=[36 52 ];
  path(17).y=[24 24 ];
  path(17).rgb = [-1.000000 -1.000000 -1.000000];
  path(17).stroke = [0.000000 0.000000 0.000000];
  path(18).x=[24 22 24 ];
  path(18).y=[26 24 22 ];
  path(18).rgb = [-1.000000 -1.000000 -1.000000];
  path(18).stroke = [0.000000 0.000000 0.000000];
  path(19).x=[28 22 ];
  path(19).y=[24 24 ];
  path(19).rgb = [-1.000000 -1.000000 -1.000000];
  path(19).stroke = [0.000000 0.000000 0.000000];
  path(20).x=[52 52 60 52 ];
  path(20).y=[40 48 44 40 ];
  path(20).rgb = [-1.000000 -1.000000 -1.000000];
  path(20).stroke = [0.000000 0.000000 0.000000];
  path(21).x=[40 40 48 48 40 ];
  path(21).y=[18 10 10 18 18 ];
  path(21).rgb = [-1.000000 -1.000000 -1.000000];
  path(21).stroke = [0.000000 0.000000 0.000000];
  path(22).x=[64 66 64 ];
  path(22).y=[22 24 26 ];
  path(22).rgb = [-1.000000 -1.000000 -1.000000];
  path(22).stroke = [0.000000 0.000000 0.000000];
  path(23).x=[60 66 ];
  path(23).y=[24 24 ];
  path(23).rgb = [-1.000000 -1.000000 -1.000000];
  path(23).stroke = [0.000000 0.000000 0.000000];
  path(24).x=[64 66 64 ];
  path(24).y=[42 44 46 ];
  path(24).rgb = [-1.000000 -1.000000 -1.000000];
  path(24).stroke = [0.000000 0.000000 0.000000];
  path(25).x=[60 66 ];
  path(25).y=[44 44 ];
  path(25).rgb = [-1.000000 -1.000000 -1.000000];
  path(25).stroke = [0.000000 0.000000 0.000000];
  path(26).x=[82 84 82 ];
  path(26).y=[42 44 46 ];
  path(26).rgb = [-1.000000 -1.000000 -1.000000];
  path(26).stroke = [0.000000 0.000000 0.000000];
  path(27).x=[74 84 ];
  path(27).y=[44 44 ];
  path(27).rgb = [-1.000000 -1.000000 -1.000000];
  path(27).stroke = [0.000000 0.000000 0.000000];
  path(28).x=[72 70 68 ];
  path(28).y=[38 40 38 ];
  path(28).rgb = [-1.000000 -1.000000 -1.000000];
  path(28).stroke = [0.000000 0.000000 0.000000];
  path(29).x=[70 70 ];
  path(29).y=[28 40 ];
  path(29).rgb = [-1.000000 -1.000000 -1.000000];
  path(29).stroke = [0.000000 0.000000 0.000000];
  path(30).x=[52 52 60 52 ];
  path(30).y=[0 8 4 0 ];
  path(30).rgb = [-1.000000 -1.000000 -1.000000];
  path(30).stroke = [0.000000 0.000000 0.000000];
  path(31).x=[36 36 28 36 ];
  path(31).y=[8 0 4 8 ];
  path(31).rgb = [-1.000000 -1.000000 -1.000000];
  path(31).stroke = [0.000000 0.000000 0.000000];
  path(32).x=[36 52 ];
  path(32).y=[4 4 ];
  path(32).rgb = [-1.000000 -1.000000 -1.000000];
  path(32).stroke = [0.000000 0.000000 0.000000];
  path(33).x=[44 44 ];
  path(33).y=[10 4 ];
  path(33).rgb = [-1.000000 -1.000000 -1.000000];
  path(33).stroke = [0.000000 0.000000 0.000000];
  path(34).x=[28 18 18 ];
  path(34).y=[4 4 20 ];
  path(34).rgb = [-1.000000 -1.000000 -1.000000];
  path(34).stroke = [0.000000 0.000000 0.000000];
  path(35).x=[17 19 21 22 22 21 19 17 15 14 14 15 17 ];
  path(35).y=[28 28 27 25 23 21 20 20 21 23 25 27 28 ];
  path(35).rgb = [-1.000000 -1.000000 -1.000000];
  path(35).stroke = [0.000000 0.000000 0.000000];
  path(36).x=[17 19 21 22 22 21 19 17 15 14 14 15 17 ];
  path(36).y=[48 48 47 45 43 41 40 40 41 43 45 47 48 ];
  path(36).rgb = [-1.000000 -1.000000 -1.000000];
  path(36).stroke = [0.000000 0.000000 0.000000];
  path(37).x=[69 71 73 74 74 73 71 69 67 66 66 67 69 ];
  path(37).y=[48 48 47 45 43 41 40 40 41 43 45 47 48 ];
  path(37).rgb = [-1.000000 -1.000000 -1.000000];
  path(37).stroke = [0.000000 0.000000 0.000000];
  path(38).x=[69 71 73 74 74 73 71 69 67 66 66 67 69 ];
  path(38).y=[28 28 27 25 23 21 20 20 21 23 25 27 28 ];
  path(38).rgb = [-1.000000 -1.000000 -1.000000];
  path(38).stroke = [0.000000 0.000000 0.000000];
  path(39).x=[18 18 ];
  path(39).y=[26 22 ];
  path(39).rgb = [-1.000000 -1.000000 -1.000000];
  path(39).stroke = [0.000000 0.000000 0.000000];
  path(40).x=[18 18 ];
  path(40).y=[46 42 ];
  path(40).rgb = [-1.000000 -1.000000 -1.000000];
  path(40).stroke = [0.000000 0.000000 0.000000];
  path(41).x=[70 70 ];
  path(41).y=[46 42 ];
  path(41).rgb = [-1.000000 -1.000000 -1.000000];
  path(41).stroke = [0.000000 0.000000 0.000000];
  path(42).x=[70 70 ];
  path(42).y=[26 22 ];
  path(42).rgb = [-1.000000 -1.000000 -1.000000];
  path(42).stroke = [0.000000 0.000000 0.000000];
  path(43).x=[16 20 ];
  path(43).y=[24 24 ];
  path(43).rgb = [-1.000000 -1.000000 -1.000000];
  path(43).stroke = [0.000000 0.000000 0.000000];
  path(44).x=[16 20 ];
  path(44).y=[44 44 ];
  path(44).rgb = [-1.000000 -1.000000 -1.000000];
  path(44).stroke = [0.000000 0.000000 0.000000];
  path(45).x=[68 72 ];
  path(45).y=[44 44 ];
  path(45).rgb = [-1.000000 -1.000000 -1.000000];
  path(45).stroke = [0.000000 0.000000 0.000000];
  path(46).x=[68 72 ];
  path(46).y=[24 24 ];
  path(46).rgb = [-1.000000 -1.000000 -1.000000];
  path(46).stroke = [0.000000 0.000000 0.000000];
  path(47).x=[42 44 42 44 ];
  path(47).y=[35 35 32 32 ];
  path(47).rgb = [-1.000000 -1.000000 -1.000000];
  path(47).stroke = [0.000000 0.000000 0.000000];
  path(48).x=[42 44 42 44 ];
  path(48).y=[15 15 12 12 ];
  path(48).rgb = [-1.000000 -1.000000 -1.000000];
  path(48).stroke = [0.000000 0.000000 0.000000];
  path(49).x=[46 46 ];
  path(49).y=[37 35 ];
  path(49).rgb = [-1.000000 -1.000000 -1.000000];
  path(49).stroke = [0.000000 0.000000 0.000000];
  path(50).x=[46 46 ];
  path(50).y=[17 15 ];
  path(50).rgb = [-1.000000 -1.000000 -1.000000];
  path(50).stroke = [0.000000 0.000000 0.000000];
  path(51).x=[44 45 ];
  path(51).y=[36 36 ];
  path(51).rgb = [-1.000000 -1.000000 -1.000000];
  path(51).stroke = [0.000000 0.000000 0.000000];
  path(52).x=[44 45 ];
  path(52).y=[16 16 ];
