function [path w h] = IconVolumeMask()
%

%   Copyright 2018-2019 Bose Corporation
  path(1).x=[51 51 49 47 44 41 37 33 28 23 19 15 12 9 7 5 5 5 7 9 12 15 19 23 28 33 37 41 44 47 49 51 51 51 ];
  path(1).y=[28 23 19 15 12 9 7 5 5 5 7 9 12 15 19 23 28 33 37 41 44 47 49 51 51 51 49 47 44 41 37 33 28 28 ];
  path(1).rgb = [0.901961 0.901961 0.901961];
  path(1).stroke = [-1.000000 -1.000000 -1.000000];
  path(2).x=[50 55 ];
  path(2).y=[22 21 ];
  path(2).rgb = [-1.000000 -1.000000 -1.000000];
  path(2).stroke = [0.000000 0.000000 0.000000];
  path(3).x=[48 53 ];
  path(3).y=[17 14 ];
  path(3).rgb = [-1.000000 -1.000000 -1.000000];
  path(3).stroke = [0.000000 0.000000 0.000000];
  path(4).x=[8 3 ];
  path(4).y=[16 13 ];
  path(4).rgb = [-1.000000 -1.000000 -1.000000];
  path(4).stroke = [0.000000 0.000000 0.000000];
  path(5).x=[6 1 ];
  path(5).y=[22 21 ];
  path(5).rgb = [-1.000000 -1.000000 -1.000000];
  path(5).stroke = [0.000000 0.000000 0.000000];
  path(6).x=[5 0 ];
  path(6).y=[28 28 ];
  path(6).rgb = [-1.000000 -1.000000 -1.000000];
  path(6).stroke = [0.000000 0.000000 0.000000];
  path(7).x=[6 1 ];
  path(7).y=[34 35 ];
  path(7).rgb = [-1.000000 -1.000000 -1.000000];
  path(7).stroke = [0.000000 0.000000 0.000000];
  path(8).x=[8 3 ];
  path(8).y=[39 42 ];
  path(8).rgb = [-1.000000 -1.000000 -1.000000];
  path(8).stroke = [0.000000 0.000000 0.000000];
  path(9).x=[12 8 ];
  path(9).y=[44 48 ];
  path(9).rgb = [-1.000000 -1.000000 -1.000000];
  path(9).stroke = [0.000000 0.000000 0.000000];
  path(10).x=[16 13 ];
  path(10).y=[48 53 ];
  path(10).rgb = [-1.000000 -1.000000 -1.000000];
  path(10).stroke = [0.000000 0.000000 0.000000];
  path(11).x=[22 21 ];
  path(11).y=[50 55 ];
  path(11).rgb = [-1.000000 -1.000000 -1.000000];
  path(11).stroke = [0.000000 0.000000 0.000000];
  path(12).x=[28 28 ];
  path(12).y=[51 56 ];
  path(12).rgb = [-1.000000 -1.000000 -1.000000];
  path(12).stroke = [0.000000 0.000000 0.000000];
  path(13).x=[34 35 ];
  path(13).y=[50 55 ];
  path(13).rgb = [-1.000000 -1.000000 -1.000000];
  path(13).stroke = [0.000000 0.000000 0.000000];
  path(14).x=[39 42 ];
  path(14).y=[48 53 ];
  path(14).rgb = [-1.000000 -1.000000 -1.000000];
  path(14).stroke = [0.000000 0.000000 0.000000];
  path(15).x=[44 48 ];
  path(15).y=[44 48 ];
  path(15).rgb = [-1.000000 -1.000000 -1.000000];
  path(15).stroke = [0.000000 0.000000 0.000000];
  path(16).x=[48 53 ];
  path(16).y=[40 43 ];
  path(16).rgb = [-1.000000 -1.000000 -1.000000];
  path(16).stroke = [0.000000 0.000000 0.000000];
  path(17).x=[50 55 ];
  path(17).y=[34 35 ];
  path(17).rgb = [-1.000000 -1.000000 -1.000000];
  path(17).stroke = [0.000000 0.000000 0.000000];
  path(18).x=[51 56 ];
  path(18).y=[28 28 ];
  path(18).rgb = [-1.000000 -1.000000 -1.000000];
  path(18).stroke = [0.000000 0.000000 0.000000];
  path(19).x=[11 16 17 12 ];
  path(19).y=[40 36 37 41 ];
  path(19).rgb = [1.000000 0.000000 0.000000];
  path(19).stroke = [-1.000000 -1.000000 -1.000000];
  path(20).x=[5 6 8 9 9 8 6 5 5 ];
  path(20).y=[9 10 10 9 5 4 4 5 9 ];
  path(20).rgb = [-1.000000 -1.000000 -1.000000];
  path(20).stroke = [0.000000 0.000000 0.000000];
  w = 56;
  h = 56;
end
