function [path w h] = IconToneMask()
%

%   Copyright 2018-2019 Bose Corporation
  path(1).x=[14 14 7 7 ];
  path(1).y=[3 5 5 3 ];
  path(1).rgb = [0.701961 0.701961 0.701961];
  path(1).stroke = [-1.000000 -1.000000 -1.000000];
  path(2).x=[25 25 18 18 ];
  path(2).y=[3 5 5 3 ];
  path(2).rgb = [0.701961 0.701961 0.701961];
  path(2).stroke = [-1.000000 -1.000000 -1.000000];
  path(3).x=[36 36 29 29 ];
  path(3).y=[3 5 5 3 ];
  path(3).rgb = [0.701961 0.701961 0.701961];
  path(3).stroke = [-1.000000 -1.000000 -1.000000];
  path(4).x=[47 47 39 39 ];
  path(4).y=[3 5 5 3 ];
  path(4).rgb = [0.701961 0.701961 0.701961];
  path(4).stroke = [-1.000000 -1.000000 -1.000000];
  path(5).x=[58 58 50 50 ];
  path(5).y=[3 5 5 3 ];
  path(5).rgb = [0.701961 0.701961 0.701961];
  path(5).stroke = [-1.000000 -1.000000 -1.000000];
  path(6).x=[14 14 7 7 ];
  path(6).y=[7 9 9 7 ];
  path(6).rgb = [0.701961 0.701961 0.701961];
  path(6).stroke = [-1.000000 -1.000000 -1.000000];
  path(7).x=[25 25 18 18 ];
  path(7).y=[7 9 9 7 ];
  path(7).rgb = [0.701961 0.701961 0.701961];
  path(7).stroke = [-1.000000 -1.000000 -1.000000];
  path(8).x=[36 36 29 29 ];
  path(8).y=[7 9 9 7 ];
  path(8).rgb = [0.701961 0.701961 0.701961];
  path(8).stroke = [-1.000000 -1.000000 -1.000000];
  path(9).x=[47 47 39 39 ];
  path(9).y=[7 9 9 7 ];
  path(9).rgb = [0.701961 0.701961 0.701961];
  path(9).stroke = [-1.000000 -1.000000 -1.000000];
  path(10).x=[58 58 50 50 ];
  path(10).y=[7 9 9 7 ];
  path(10).rgb = [0.701961 0.701961 0.701961];
  path(10).stroke = [-1.000000 -1.000000 -1.000000];
  path(11).x=[14 14 7 7 ];
  path(11).y=[11 13 13 11 ];
  path(11).rgb = [0.701961 0.701961 0.701961];
  path(11).stroke = [-1.000000 -1.000000 -1.000000];
  path(12).x=[25 25 18 18 ];
  path(12).y=[11 13 13 11 ];
  path(12).rgb = [0.701961 0.701961 0.701961];
  path(12).stroke = [-1.000000 -1.000000 -1.000000];
  path(13).x=[36 36 29 29 ];
  path(13).y=[11 13 13 11 ];
  path(13).rgb = [0.701961 0.701961 0.701961];
  path(13).stroke = [-1.000000 -1.000000 -1.000000];
  path(14).x=[47 47 39 39 ];
  path(14).y=[11 13 13 11 ];
  path(14).rgb = [0.701961 0.701961 0.701961];
  path(14).stroke = [-1.000000 -1.000000 -1.000000];
  path(15).x=[58 58 50 50 ];
  path(15).y=[11 13 13 11 ];
  path(15).rgb = [0.701961 0.701961 0.701961];
  path(15).stroke = [-1.000000 -1.000000 -1.000000];
  path(16).x=[25 25 18 18 ];
  path(16).y=[23 25 25 23 ];
  path(16).rgb = [0.701961 0.701961 0.701961];
  path(16).stroke = [-1.000000 -1.000000 -1.000000];
  path(17).x=[36 36 29 29 ];
  path(17).y=[23 25 25 23 ];
  path(17).rgb = [0.701961 0.701961 0.701961];
  path(17).stroke = [-1.000000 -1.000000 -1.000000];
  path(18).x=[47 47 39 39 ];
  path(18).y=[23 25 25 23 ];
  path(18).rgb = [0.701961 0.701961 0.701961];
  path(18).stroke = [-1.000000 -1.000000 -1.000000];
  path(19).x=[58 58 50 50 ];
  path(19).y=[23 25 25 23 ];
  path(19).rgb = [0.701961 0.701961 0.701961];
  path(19).stroke = [-1.000000 -1.000000 -1.000000];
  path(20).x=[36 36 29 29 ];
  path(20).y=[27 29 29 27 ];
  path(20).rgb = [0.701961 0.701961 0.701961];
  path(20).stroke = [-1.000000 -1.000000 -1.000000];
  path(21).x=[47 47 39 39 ];
  path(21).y=[27 29 29 27 ];
  path(21).rgb = [0.701961 0.701961 0.701961];
  path(21).stroke = [-1.000000 -1.000000 -1.000000];
  path(22).x=[58 58 50 50 ];
  path(22).y=[27 29 29 27 ];
  path(22).rgb = [0.701961 0.701961 0.701961];
  path(22).stroke = [-1.000000 -1.000000 -1.000000];
  path(23).x=[25 25 18 18 ];
  path(23).y=[19 21 21 19 ];
  path(23).rgb = [0.701961 0.701961 0.701961];
  path(23).stroke = [-1.000000 -1.000000 -1.000000];
  path(24).x=[36 36 29 29 ];
  path(24).y=[19 21 21 19 ];
  path(24).rgb = [0.701961 0.701961 0.701961];
  path(24).stroke = [-1.000000 -1.000000 -1.000000];
  path(25).x=[47 47 39 39 ];
  path(25).y=[19 21 21 19 ];
  path(25).rgb = [0.701961 0.701961 0.701961];
  path(25).stroke = [-1.000000 -1.000000 -1.000000];
  path(26).x=[58 58 50 50 ];
  path(26).y=[19 21 21 19 ];
  path(26).rgb = [0.701961 0.701961 0.701961];
  path(26).stroke = [-1.000000 -1.000000 -1.000000];
  path(27).x=[14 14 7 7 ];
  path(27).y=[15 17 17 15 ];
  path(27).rgb = [0.701961 0.701961 0.701961];
  path(27).stroke = [-1.000000 -1.000000 -1.000000];
  path(28).x=[25 25 18 18 ];
  path(28).y=[15 17 17 15 ];
  path(28).rgb = [0.701961 0.701961 0.701961];
  path(28).stroke = [-1.000000 -1.000000 -1.000000];
  path(29).x=[36 36 29 29 ];
  path(29).y=[15 17 17 15 ];
  path(29).rgb = [0.701961 0.701961 0.701961];
  path(29).stroke = [-1.000000 -1.000000 -1.000000];
  path(30).x=[47 47 39 39 ];
  path(30).y=[15 17 17 15 ];
  path(30).rgb = [0.701961 0.701961 0.701961];
  path(30).stroke = [-1.000000 -1.000000 -1.000000];
  path(31).x=[58 58 50 50 ];
  path(31).y=[15 17 17 15 ];
  path(31).rgb = [0.701961 0.701961 0.701961];
  path(31).stroke = [-1.000000 -1.000000 -1.000000];
  path(32).x=[36 36 29 29 ];
  path(32).y=[35 37 37 35 ];
  path(32).rgb = [0.701961 0.701961 0.701961];
  path(32).stroke = [-1.000000 -1.000000 -1.000000];
  path(33).x=[47 47 39 39 ];
  path(33).y=[35 37 37 35 ];
  path(33).rgb = [0.701961 0.701961 0.701961];
  path(33).stroke = [-1.000000 -1.000000 -1.000000];
  path(34).x=[58 58 50 50 ];
  path(34).y=[35 37 37 35 ];
  path(34).rgb = [0.701961 0.701961 0.701961];
  path(34).stroke = [-1.000000 -1.000000 -1.000000];
  path(35).x=[47 47 39 39 ];
  path(35).y=[39 41 41 39 ];
  path(35).rgb = [0.701961 0.701961 0.701961];
  path(35).stroke = [-1.000000 -1.000000 -1.000000];
  path(36).x=[58 58 50 50 ];
  path(36).y=[39 41 41 39 ];
  path(36).rgb = [0.701961 0.701961 0.701961];
  path(36).stroke = [-1.000000 -1.000000 -1.000000];
  path(37).x=[36 36 29 29 ];
  path(37).y=[31 33 33 31 ];
  path(37).rgb = [0.701961 0.701961 0.701961];
  path(37).stroke = [-1.000000 -1.000000 -1.000000];
  path(38).x=[47 47 39 39 ];
  path(38).y=[31 33 33 31 ];
  path(38).rgb = [0.701961 0.701961 0.701961];
  path(38).stroke = [-1.000000 -1.000000 -1.000000];
  path(39).x=[58 58 50 50 ];
  path(39).y=[31 33 33 31 ];
  path(39).rgb = [0.701961 0.701961 0.701961];
  path(39).stroke = [-1.000000 -1.000000 -1.000000];
  path(40).x=[69 69 61 61 ];
  path(40).y=[3 5 5 3 ];
  path(40).rgb = [0.701961 0.701961 0.701961];
  path(40).stroke = [-1.000000 -1.000000 -1.000000];
  path(41).x=[69 69 61 61 ];
  path(41).y=[7 9 9 7 ];
  path(41).rgb = [0.701961 0.701961 0.701961];
  path(41).stroke = [-1.000000 -1.000000 -1.000000];
  path(42).x=[69 69 61 61 ];
  path(42).y=[11 13 13 11 ];
  path(42).rgb = [0.701961 0.701961 0.701961];
  path(42).stroke = [-1.000000 -1.000000 -1.000000];
  path(43).x=[69 69 61 61 ];
  path(43).y=[23 25 25 23 ];
  path(43).rgb = [0.701961 0.701961 0.701961];
  path(43).stroke = [-1.000000 -1.000000 -1.000000];
  path(44).x=[69 69 61 61 ];
  path(44).y=[27 29 29 27 ];
  path(44).rgb = [0.701961 0.701961 0.701961];
  path(44).stroke = [-1.000000 -1.000000 -1.000000];
  path(45).x=[69 69 61 61 ];
  path(45).y=[19 21 21 19 ];
  path(45).rgb = [0.701961 0.701961 0.701961];
  path(45).stroke = [-1.000000 -1.000000 -1.000000];
  path(46).x=[69 69 61 61 ];
  path(46).y=[15 17 17 15 ];
  path(46).rgb = [0.701961 0.701961 0.701961];
  path(46).stroke = [-1.000000 -1.000000 -1.000000];
  path(47).x=[69 69 61 61 ];
  path(47).y=[35 37 37 35 ];
  path(47).rgb = [0.701961 0.701961 0.701961];
  path(47).stroke = [-1.000000 -1.000000 -1.000000];
  path(48).x=[69 69 61 61 ];
  path(48).y=[39 41 41 39 ];
  path(48).rgb = [0.701961 0.701961 0.701961];
  path(48).stroke = [-1.000000 -1.000000 -1.000000];
  path(49).x=[69 69 61 61 ];
  path(49).y=[31 33 33 31 ];
  path(49).rgb = [0.701961 0.701961 0.701961];
  path(49).stroke = [-1.000000 -1.000000 -1.000000];
  w = 74;
  h = 48;
end
