function [path w h] = IconBalanceMask()
%

%   Copyright 2018-2019 Bose Corporation
  path(1).x=[51 51 49 47 44 41 37 33 28 23 19 15 12 9 7 5 5 5 7 9 12 15 19 23 28 33 37 41 44 47 49 51 51 51 ];
  path(1).y=[23 18 14 10 7 4 2 0 0 0 2 4 7 10 14 18 23 27 32 36 39 42 44 45 46 45 44 42 39 36 32 27 23 23 ];
  path(1).rgb = [0.901961 0.901961 0.901961];
  path(1).stroke = [-1.000000 -1.000000 -1.000000];
  path(2).x=[50 55 ];
  path(2).y=[17 16 ];
  path(2).rgb = [-1.000000 -1.000000 -1.000000];
  path(2).stroke = [0.000000 0.000000 0.000000];
  path(3).x=[48 53 ];
  path(3).y=[12 9 ];
  path(3).rgb = [-1.000000 -1.000000 -1.000000];
  path(3).stroke = [0.000000 0.000000 0.000000];
  path(4).x=[8 3 ];
  path(4).y=[11 8 ];
  path(4).rgb = [-1.000000 -1.000000 -1.000000];
  path(4).stroke = [0.000000 0.000000 0.000000];
  path(5).x=[6 1 ];
  path(5).y=[17 16 ];
  path(5).rgb = [-1.000000 -1.000000 -1.000000];
  path(5).stroke = [0.000000 0.000000 0.000000];
  path(6).x=[5 0 ];
  path(6).y=[23 23 ];
  path(6).rgb = [-1.000000 -1.000000 -1.000000];
  path(6).stroke = [0.000000 0.000000 0.000000];
  path(7).x=[6 1 ];
  path(7).y=[29 30 ];
  path(7).rgb = [-1.000000 -1.000000 -1.000000];
  path(7).stroke = [0.000000 0.000000 0.000000];
  path(8).x=[8 3 ];
  path(8).y=[34 37 ];
  path(8).rgb = [-1.000000 -1.000000 -1.000000];
  path(8).stroke = [0.000000 0.000000 0.000000];
  path(9).x=[12 8 ];
  path(9).y=[39 43 ];
  path(9).rgb = [-1.000000 -1.000000 -1.000000];
  path(9).stroke = [0.000000 0.000000 0.000000];
  path(10).x=[16 13 ];
  path(10).y=[43 48 ];
  path(10).rgb = [-1.000000 -1.000000 -1.000000];
  path(10).stroke = [0.000000 0.000000 0.000000];
  path(11).x=[22 21 ];
  path(11).y=[45 50 ];
  path(11).rgb = [-1.000000 -1.000000 -1.000000];
  path(11).stroke = [0.000000 0.000000 0.000000];
  path(12).x=[28 28 ];
  path(12).y=[46 51 ];
  path(12).rgb = [-1.000000 -1.000000 -1.000000];
  path(12).stroke = [0.000000 0.000000 0.000000];
  path(13).x=[34 35 ];
  path(13).y=[45 50 ];
  path(13).rgb = [-1.000000 -1.000000 -1.000000];
  path(13).stroke = [0.000000 0.000000 0.000000];
  path(14).x=[39 42 ];
  path(14).y=[43 48 ];
  path(14).rgb = [-1.000000 -1.000000 -1.000000];
  path(14).stroke = [0.000000 0.000000 0.000000];
  path(15).x=[44 48 ];
  path(15).y=[39 43 ];
  path(15).rgb = [-1.000000 -1.000000 -1.000000];
  path(15).stroke = [0.000000 0.000000 0.000000];
  path(16).x=[48 53 ];
  path(16).y=[35 38 ];
  path(16).rgb = [-1.000000 -1.000000 -1.000000];
  path(16).stroke = [0.000000 0.000000 0.000000];
  path(17).x=[50 55 ];
  path(17).y=[29 30 ];
  path(17).rgb = [-1.000000 -1.000000 -1.000000];
  path(17).stroke = [0.000000 0.000000 0.000000];
  path(18).x=[51 56 ];
  path(18).y=[23 23 ];
  path(18).rgb = [-1.000000 -1.000000 -1.000000];
  path(18).stroke = [0.000000 0.000000 0.000000];
  path(19).x=[27 27 28 28 ];
  path(19).y=[44 39 39 44 ];
  path(19).rgb = [1.000000 0.000000 0.000000];
  path(19).stroke = [-1.000000 -1.000000 -1.000000];
  path(20).x=[26 27 29 30 30 29 27 26 26 ];
  path(20).y=[58 59 59 58 54 53 53 54 58 ];
  path(20).rgb = [-1.000000 -1.000000 -1.000000];
  path(20).stroke = [0.000000 0.000000 0.000000];
  w = 56;
  h = 59;
end
