function [path w h] = IconMuteMask()
%

%   Copyright 2018-2019 Bose Corporation
  path(1).x=[7 15 16 16 15 7 1 0 0 1 ];
  path(1).y=[7 0 1 23 24 17 17 16 8 7 ];
  path(1).rgb = [0.800000 0.800000 0.800000];
  path(1).stroke = [-1.000000 -1.000000 -1.000000];
  path(2).x=[21 31 30 20 20 ];
  path(2).y=[17 7 6 16 16 ];
  path(2).rgb = [1.000000 0.000000 0.000000];
  path(2).stroke = [-1.000000 -1.000000 -1.000000];
  path(3).x=[30 20 21 31 ];
  path(3).y=[17 7 6 16 ];
  path(3).rgb = [1.000000 0.000000 0.000000];
  path(3).stroke = [-1.000000 -1.000000 -1.000000];
  w = 31;
  h = 24;
end
