function [path w h] = IconOverrideSignalMask()
%

%   Copyright 2018-2019 Bose Corporation
  path(1).x=[0 3 6 11 14 17 21 25 29 34 33 43 33 34 29 25 22 15 11 9 6 3 0 2 ];
  path(1).y=[6 4 3 3 4 6 8 9 9 8 1 11 21 14 15 15 14 11 10 10 11 13 17 9 ];
  path(1).rgb = [0.701961 0.701961 0.701961];
  path(1).stroke = [-1.000000 -1.000000 -1.000000];
  path(2).x=[39 40 43 47 51 55 62 67 66 76 66 67 64 61 57 54 52 50 49 44 ];
  path(2).y=[46 35 25 17 12 9 8 8 1 11 21 14 14 15 17 21 26 34 46 44 ];
  path(2).rgb = [0.000000 0.000000 0.000000];
  path(2).stroke = [-1.000000 -1.000000 -1.000000];
  path(3).x=[36 56 55 35 ];
  path(3).y=[27 1 0 26 ];
  path(3).rgb = [1.000000 0.000000 0.000000];
  path(3).stroke = [-1.000000 -1.000000 -1.000000];
  w = 76;
  h = 46;
end
