function [path w h] = IconCalibratedSignalMask()
%

%   Copyright 2018-2019 Bose Corporation
  path(1).x=[24 20 19 20 21 21 20 16 15 15 12 12 12 11 8 9 9 8 4 1 1 4 9 8 9 20 20 20 19 16 20 27 27 ];
  path(1).y=[34 35 36 39 39 45 44 38 36 35 36 38 46 47 42 42 39 38 38 26 6 2 20 21 26 23 20 18 17 0 3 17 23 ];
  path(1).rgb = [0.501961 0.501961 0.501961];
  path(1).stroke = [-1.000000 -1.000000 -1.000000];
  path(2).x=[4 2 72 74 ];
  path(2).y=[37 29 12 20 ];
  path(2).rgb = [0.901961 0.901961 0.901961];
  path(2).stroke = [-1.000000 -1.000000 -1.000000];
  path(3).x=[42 43 42 40 39 38 ];
  path(3).y=[32 36 37 37 36 33 ];
  path(3).rgb = [0.400000 0.400000 0.400000];
  path(3).stroke = [-1.000000 -1.000000 -1.000000];
  path(4).x=[74 4 2 72 ];
  path(4).y=[20 37 29 12 ];
  path(4).rgb = [-1.000000 -1.000000 -1.000000];
  path(4).stroke = [0.000000 0.000000 0.000000];
  path(5).x=[27 43 46 48 51 53 54 56 57 58 58 58 56 52 49 47 26 24 23 22 20 21 ];
  path(5).y=[18 14 11 9 9 10 11 15 19 23 28 29 30 31 32 32 37 37 36 35 24 20 ];
  path(5).rgb = [0.701961 0.701961 0.701961];
  path(5).stroke = [-1.000000 -1.000000 -1.000000];
  path(6).x=[25 23 46 48 ];
  path(6).y=[33 25 19 27 ];
  path(6).rgb = [0.925490 0.925490 0.925490];
  path(6).stroke = [-1.000000 -1.000000 -1.000000];
  path(7).x=[57 58 60 62 62 61 60 58 57 56 56 ];
  path(7).y=[10 9 9 11 13 14 15 15 14 13 11 ];
  path(7).rgb = [0.400000 0.400000 0.400000];
  path(7).stroke = [-1.000000 -1.000000 -1.000000];
  path(8).x=[7 8 ];
  path(8).y=[33 36 ];
  path(8).rgb = [-1.000000 -1.000000 -1.000000];
  path(8).stroke = [0.000000 0.000000 0.000000];
  path(9).x=[11 12 ];
  path(9).y=[32 35 ];
  path(9).rgb = [-1.000000 -1.000000 -1.000000];
  path(9).stroke = [0.000000 0.000000 0.000000];
  path(10).x=[15 16 ];
  path(10).y=[31 34 ];
  path(10).rgb = [-1.000000 -1.000000 -1.000000];
  path(10).stroke = [0.000000 0.000000 0.000000];
  path(11).x=[19 20 ];
  path(11).y=[30 33 ];
  path(11).rgb = [-1.000000 -1.000000 -1.000000];
  path(11).stroke = [0.000000 0.000000 0.000000];
  path(12).x=[61 62 ];
  path(12).y=[20 23 ];
  path(12).rgb = [-1.000000 -1.000000 -1.000000];
  path(12).stroke = [0.000000 0.000000 0.000000];
  path(13).x=[65 66 ];
  path(13).y=[19 22 ];
  path(13).rgb = [-1.000000 -1.000000 -1.000000];
  path(13).stroke = [0.000000 0.000000 0.000000];
  path(14).x=[69 70 ];
  path(14).y=[18 21 ];
  path(14).rgb = [-1.000000 -1.000000 -1.000000];
  path(14).stroke = [0.000000 0.000000 0.000000];
  w = 74;
  h = 48;
end
