function [path w h] = IconLimiterMask()
%

%   Copyright 2018-2019 Bose Corporation
  path(1).x=[3 3 1 1 ];
  path(1).y=[39 38 38 39 ];
  path(1).rgb = [1.000000 0.000000 0.000000];
  path(1).stroke = [-1.000000 -1.000000 -1.000000];
  path(2).x=[65 61 58 57 55 53 51 50 47 42 37 34 32 30 27 23 19 16 15 13 11 9 8 5 0 2 7 10 12 14 17 21 25 28 29 31 ...
   33 35 36 39 44 49 52 54 56 59 63 ];
  path(2).y=[25 37 44 46 48 48 46 44 37 25 13 4 2 4 13 25 37 44 46 48 48 46 44 37 25 23 35 44 46 44 35 23 11 4 2 0 ...
   0 2 4 11 23 35 44 46 44 35 23 ];
  path(2).rgb = [0.901961 0.901961 0.901961];
  path(2).stroke = [-1.000000 -1.000000 -1.000000];
  path(3).x=[1 5 9 12 15 18 25 29 32 35 39 47 51 54 57 61 64 ];
  path(3).y=[24 30 35 36 35 30 18 13 12 13 18 30 35 36 35 30 24 ];
  path(3).rgb = [-1.000000 -1.000000 -1.000000];
  path(3).stroke = [0.000000 0.000000 0.000000];
  path(4).x=[13 13 11 11 ];
  path(4).y=[39 38 38 39 ];
  path(4).rgb = [1.000000 0.000000 0.000000];
  path(4).stroke = [-1.000000 -1.000000 -1.000000];
  path(5).x=[23 23 21 21 ];
  path(5).y=[39 38 38 39 ];
  path(5).rgb = [1.000000 0.000000 0.000000];
  path(5).stroke = [-1.000000 -1.000000 -1.000000];
  path(6).x=[34 34 32 32 ];
  path(6).y=[39 38 38 39 ];
  path(6).rgb = [1.000000 0.000000 0.000000];
  path(6).stroke = [-1.000000 -1.000000 -1.000000];
  path(7).x=[45 45 43 43 ];
  path(7).y=[39 38 38 39 ];
  path(7).rgb = [1.000000 0.000000 0.000000];
  path(7).stroke = [-1.000000 -1.000000 -1.000000];
  path(8).x=[55 55 53 53 ];
  path(8).y=[39 38 38 39 ];
  path(8).rgb = [1.000000 0.000000 0.000000];
  path(8).stroke = [-1.000000 -1.000000 -1.000000];
  path(9).x=[65 65 63 63 ];
  path(9).y=[39 38 38 39 ];
  path(9).rgb = [1.000000 0.000000 0.000000];
  path(9).stroke = [-1.000000 -1.000000 -1.000000];
  path(10).x=[3 3 1 1 ];
  path(10).y=[9 8 8 9 ];
  path(10).rgb = [1.000000 0.000000 0.000000];
  path(10).stroke = [-1.000000 -1.000000 -1.000000];
  path(11).x=[13 13 11 11 ];
  path(11).y=[9 8 8 9 ];
  path(11).rgb = [1.000000 0.000000 0.000000];
  path(11).stroke = [-1.000000 -1.000000 -1.000000];
  path(12).x=[23 23 21 21 ];
  path(12).y=[9 8 8 9 ];
  path(12).rgb = [1.000000 0.000000 0.000000];
  path(12).stroke = [-1.000000 -1.000000 -1.000000];
  path(13).x=[33 33 31 31 ];
  path(13).y=[9 8 8 9 ];
  path(13).rgb = [1.000000 0.000000 0.000000];
  path(13).stroke = [-1.000000 -1.000000 -1.000000];
  path(14).x=[43 43 41 41 ];
  path(14).y=[9 8 8 9 ];
  path(14).rgb = [1.000000 0.000000 0.000000];
  path(14).stroke = [-1.000000 -1.000000 -1.000000];
  path(15).x=[53 53 51 51 ];
  path(15).y=[9 8 8 9 ];
  path(15).rgb = [1.000000 0.000000 0.000000];
  path(15).stroke = [-1.000000 -1.000000 -1.000000];
  path(16).x=[63 63 61 61 ];
  path(16).y=[9 8 8 9 ];
  path(16).rgb = [1.000000 0.000000 0.000000];
  path(16).stroke = [-1.000000 -1.000000 -1.000000];
  w = 65;
  h = 48;
end
